Webots Project File version R2023b
perspectives: 000000ff00000000fd00000003000000000000000000000000fc0100000001fb0000001a0044006f00630075006d0065006e0074006100740069006f006e000000000000000014000000000000000000000001000001f60000038efc0200000001fb0000001400540065007800740045006400690074006f007201000000170000038e0000008900ffffff0000000300000780000000cdfc0100000002fb0000000e0043006f006e0073006f006c00650100000000000005660000000000000000fc00000000000007800000006900fffffffa000000000100000002fb0000001a0043006f006e0073006f006c00650041006c006c0041006c006c0100000000ffffffff0000006900fffffffb0000001a0043006f006e0073006f006c00650041006c006c0041006c006c0100000000ffffffff0000000000000000000005880000038e00000001000000020000000100000008fc00000000
simulationViewPerspectives: 000000ff000000010000000200000100000003480100000002010000000100
sceneTreePerspectives: 000000ff00000001000000030000001d000000c0000000fa0100000002010000000200
maximizedDockId: -1
centralWidgetVisible: 1
orthographicViewHeight: 1
textFiles: 2 "controllers/OMHI_test/OMHI_test.py" "protos/three_omniwheel.proto" "protos/Ball.proto"
consoles: Console:All:All
renderingDevicePerspectives: robot:camera;1;0.33125;0.00518135;0
